0000000000000000000
0                 0
0                 0
0                 0
0                 0
0                 0
0                 0
0                 0
0                 0
0                 0
0                 0
0                 0
0                 0
0                 0
0                 0
0                 0
0                 0
0                 0
0        555      0
0                 0
0           555   0
0                 0
0                 0
0     55        000
0               0 0
0               0 0
0               000
0000            000
0  0            000
0  0            000
0  0            000
0  0            000
0  0            000
0  0            000
0  0            000
0  0            000
0  0            000
0  0            000
0  0            000
0000000000000000000