                   
0                 0
0                 0
0                 0
0                 0
0                 0
0                 0
0                 0
0                 0
0                 0
0       555       0
0       555       0
0                 0
0                 0
0                 0
0                 0
0                 0
0 555        555  0
0 555        555  0
0                 0
0                 0
0                 0
0                 0
0                 0
0                 0
0                 0
0                 0
0                 0
0        55       0
0                 0
0                 0
0                 0
0                 0
0                 0
0                 0
0                 0
0                 0
0                 0
0                 0
0000000000000000000
