00000000000000000000
0                  0
0                  0
0                  0
0                  0
0                  0
0                  0
0                  0
0                  0
0                  0
0                  0
0                  0
0                  0
0                  0
0                  0
0                  0
0                  0
0                  0
0                  0
0                  0
0                  0
0     555   555    0
0                  0
0        555       0
0                  0
0                  0
0                  0
0                  0
0                  0
0                  0
0                  0
0                  0
0                  0
0                  0
0                  0
0                  0
0                  0
0                  0
0                  0
00000000000000000000